4294967279,396
4294967279,395
4294967279,394
4294967279,393
4294967279,392
17,4
17,3
17,2
17,1
4294967294,923
4294967294,955
4294967278,331
4294967279,391
4294967278,330
4294967279,390
4294967278,329
4294967294,1420
16,4
16,3
16,2
16,1
11,6
11,5
2,8
15,4
15,3
15,2
15,1
14,4
14,3
14,2
14,1
4294967278,328
4294967279,389
4294967278,327
4294967279,388
4294967278,326
4294967279,387
4294967278,325
4294967279,386
4294967278,324
4294967279,385
4294967278,323
4294967279,384
4294967279,383
4294967278,322
4294967279,382
4294967278,321
4294967278,320
4294967279,381
4294967278,575
4294967279,380
4294967278,574
4294967279,379
4294967279,378
4294967278,573
4294967278,572
4294967279,377
4294967278,571
4294967279,376
4294967279,375
4294967278,570
4294967279,374
4294967278,569
4294967278,568
4294967278,567
4294967279,373
4294967278,566
4294967279,372
4294967278,565
4294967279,371
4294967279,370
4294967278,564
4294967279,369
4294967278,563
4294967279,368
4294967278,562
4294967278,561
4294967279,367
4294967278,560
4294967279,366
4294967278,559
4294967278,558
4294967279,365
4294967278,557
4294967278,556
4294967279,364
4294967279,363
4294967278,555
4294967278,554
4294967279,362
4294967279,361
4294967278,553
4294967279,360
4294967278,552
4294967279,359
4294967278,551
4294967278,550
4294967279,358
4294967279,357
4294967278,549
4294967279,356
4294967278,548
4294967278,547
4294967279,355
4294967278,546
4294967279,354
4294967278,545
4294967279,353
4294967279,352
4294967278,544
4294967278,543
4294967279,351
4294967278,542
4294967279,350
4294967279,349
4294967278,541
4294967279,348
4294967278,540
4294967278,539
4294967278,538
4294967278,537
4294967279,347
4294967279,346
4294967279,345
4294967278,536
4294967278,535
4294967279,344
4294967278,534
4294967279,343
4294967278,533
4294967278,532
4294967279,342
4294967278,531
4294967278,530
4294967278,529
4294967279,341
4294967279,340
4294967278,528
4294967278,527
4294967279,339
4294967279,338
4294967279,337
4294967278,526
4294967278,525
4294967278,524
4294967279,336
4294967278,523
4294967279,335
4294967279,334
4294967278,522
4294967279,333
4294967279,332
4294967278,521
4294967279,331
4294967278,520
4294967278,519
4294967278,518
4294967279,330
4294967279,329
4294967279,328
4294967279,327
4294967279,326
4294967278,517
4294967279,325
4294967278,516
4294967278,515
4294967278,514
4294967279,324
4294967278,513
4294967278,512
4294967278,319
4294967278,318
4294967279,323
4294967278,317
4294967279,322
4294967279,321
4294967279,320
4294967279,319
4294967279,318
4294967279,317
4294967278,316
4294967279,316
4294967278,315
4294967279,315
4294967279,314
4294967278,314
4294967278,313
4294967279,313
4294967279,312
4294967278,312
4294967278,311
4294967279,311
4294967278,310
4294967278,309
4294967279,310
4294967279,309
4294967278,308
4294967279,308
4294967278,307
4294967279,307
4294967278,306
4294967279,306
4294967279,305
4294967278,305
4294967279,304
4294967278,304
4294967279,303
4294967279,302
4294967278,303
4294967279,301
4294967278,302
4294967278,301
4294967278,300
4294967279,300
2,7
2,6
2,5
4294967279,299
4294967278,299
4294967278,298
13,6
4294967278,297
4294967279,298
4294967279,297
13,5
13,4
13,3
13,2
13,1
4294967278,296
4294967294,472
4294967279,296
4294967278,295
4294967278,294
12,5
12,4
12,3
12,2
12,1
4294967279,295
11,4
11,3
11,2
11,1
4294967278,293
10,4
10,3
10,2
10,1
4294967279,294
9,4
9,3
9,2
9,1
4294967294,471
4294967278,292
4294967279,293
4294967279,292
8,5
8,4
8,3
8,2
8,1
4294967278,291
7,4
7,3
7,2
7,1
4294967279,291
4294967279,290
4294967278,290
4294967278,289
6,5
6,4
6,3
6,2
6,1
4294967279,289
4294967294,1419
4294967294,430
4294967278,288
4294967279,288
5,6
4294967294,1418
4294967279,287
4294967278,287
4294967278,286
5,5
5,4
5,3
5,2
5,1
4294967278,285
4294967294,1417
4294967294,187
4294967279,286
4294967278,284
4294967279,285
4,4
4,3
4,2
4,1
4294967294,1416
4294967294,1415
3,4
4294967279,284
3,3
3,2
3,1
4294967279,283
4294967294,470
4294967294,83
2,4
4294967279,282
2,3
2,2
2,1
4294967279,277
4294967278,277
4294967293,131
4294967293,130
4294967293,129
4294967293,128
4294967293,127
4294967293,126
4294967293,125
4294967293,124
4294967293,123
4294967293,122
